68
1.8853836911171806
73
2.503922211145651
80
1.9287133001000076
83
1.787251430366527
90
1.8798905857345303
95
1.4965588413190025
93
1.9021829267166104
83
1.8415295693263007
88
1.5905559774318276
93
1.771866951467979
85
1.6070815569721135
86
1.912479848148161
93
1.635862028458786
97
1.6839698368799134
93
1.5285591840780655
86
2.170207020544056
94
1.9225840653030992
88
1.6937307278023321
89
1.8877243031679283
89
1.6674451997821986
93
1.637927499674553
72
1.9158988324935307
97
1.975226082636274
81
2.087424506807158
92
1.7066980014207351
83
2.089924679145063
88
1.6876750709266393
90
1.5408967865071366
94
2.1111174674989646
91
2.0493042416590943
90
1.5060044432525492
91
1.5771454636636697
92
1.863216486936672
89
1.8853423309624464
91
2.753200542300385
94
1.871580728636201
94
1.7878341470487757
89
2.0381359749274934
97
2.008101375404601
91
1.8104679343883827
96
1.9482259774202475
92
1.9274499719472336
96
1.6042483187491772
94
1.8357249249979197
95
2.0109105437244876
85
1.810992503659282
95
1.7101287592661574
88
1.6204450597796713
81
2.2084692489573694
66
1.9820983648541806
89
1.6129737787633638
84
2.250230382153445
95
1.924628230484353
88
1.6856540648419502
90
1.4670213147879654
90
1.7590888348614886
90
2.486089307704613
86
1.5122635956979107
95
2.072875411461011
87
1.5861140131850224
73
1.929949410533334
96
1.5780109752804226
91
2.4442480273313474
91
1.4999767693546109
94
1.6685162018920054
89
2.1152281201533643
96
1.6051935881849961
95
2.24525271682114
81
1.7572689947744555
91
1.6101326604770994
93
1.5751357647477875
94
2.143876435159691
93
1.758239504632066
94
1.9346715084692678
95
1.7025362072545787
97
1.532110802609286
94
1.5239268088214242
96
1.823073143756463
88
2.1484280035620067
91
1.6333150715900497
95
1.6693726209429764
93
2.0454335081866257
85
1.631540748276315
81
1.787734895834386
89
1.6168686197860984
91
1.5121277274233786
89
1.7052162948016807
86
1.9460398726879868
94
1.528992347156625
91
1.6126151206449826
93
1.993105330197639
94
1.6310622186649915
88
2.177293913939327
77
1.7196821411609695
89
1.9891429503199687
94
1.6509861994595023
89
1.603046070720705
88
1.907320822637854
89
1.743405554359015
95
1.6794278314704965
-33.64065996734445
-36.079749567989005
-39.63441095094639
-41.15653040096138
-44.64148319492939
-47.22324534417165
-46.13818644547375
-41.14743907955271
-43.697638745294434
-46.15926039504625
-42.19359501496123
-42.63670244082741
-46.18684292648021
-48.176319923181126
-46.21399591680593
-42.60616165399095
-46.635269326395786
-43.67429353212106
-44.14031137162458
-44.17983195460221
-46.18637199555122
-35.63621497617984
-48.128155243693584
-40.11474887822221
-45.67165507364972
-41.11447449477689
-43.67554656409397
-44.71058280458974
-46.612187690073505
-45.11905760075513
-44.720453753664465
-45.201014090876896
-45.64402681850923
-44.140666138936474
-45.06596207537865
-46.64274236071496
-46.65642838029983
-44.120365963015004
-48.12399344803648
-45.15254161134693
-47.631732017924655
-45.634587205364774
-47.6942794291372
-46.64837297165586
-47.123647261406575
-42.15245325421386
-47.17096703624611
-43.69041509865606
-40.102514970585496
-32.62726811093114
-44.192183186358115
-41.59874520961104
-47.13498213742152
-43.67596775769802
-44.732325647688775
-44.66158255093436
-44.58089777050406
-42.718632645100115
-47.11636532972372
-43.19874728293149
-36.134238828744245
-47.700793645872395
-45.08369113498642
-45.22222910553628
-46.67960116440851
-44.111752071317476
-47.694050681234486
-47.0991835259279
-40.161917396273154
-45.19286200855338
-46.201527361573966
-46.608785372455
-46.161738695863875
-46.633584334890124
-47.17249530980604
-48.21300492981013
-46.71529888760055
-47.650439477907206
-43.60832492456708
-45.18742609860973
-47.17941693423458
-46.11950863109231
-42.18783397726743
-40.15644574991956
-44.19125840941793
-45.218671936192095
-44.17195351433665
-42.632028149308695
-46.71387468402141
-45.19226868192888
-46.12586631084245
-46.68794420887535
-43.605471685683
-38.16907275990082
-44.12636826257334
-46.683435386149924
-44.194570948703344
-43.63744296142819
-44.164502746706766
-47.17727492579833
